0.0 0.0 1.2
-1.9781476007338057 -0.20791169081775907 1.2
-0.08645454235739913 0.40673664307580015 1.2
-1.8090169943749475 -0.587785252292473 1.2
-0.33086939364114176 0.7431448254773941 1.2
-1.5000000000000004 -0.8660254037844384 1.2
-0.6909830056250525 0.9510565162951535 1.2
-1.1045284632676542 -0.9945218953682733 1.2
-1.1045284632676533 0.9945218953682734 1.2
-0.6909830056250528 -0.9510565162951536 1.2
-1.4999999999999998 0.8660254037844387 1.2
-0.3308693936411422 -0.7431448254773946 1.2
-1.8090169943749475 0.5877852522924732 1.2
-0.08645454235739947 -0.40673664307580093 1.2
-1.9781476007338057 0.20791169081775973 1.2
0.0 0.0 1.2